0 887 90 302 201 592 269 606 740 189 
887 0 838 619 548 714 121 67 283 338 
90 838 0 377 333 59 524 296 829 630 
302 619 377 0 965 932 659 220 646 312 
201 548 333 965 0 377 144 830 572 867 
592 714 59 932 377 0 464 275 210 448 
269 121 524 659 144 464 0 551 234 903 
606 67 296 220 830 275 551 0 799 64 
740 283 829 646 572 210 234 799 0 582 
189 338 630 312 867 448 903 64 582 0 